$ANSIBLE_VAULT;1.1;AES256
36343933373038623766326431386638386363643662363332306539633135383031663965643436
3533663036643063336365346366633962323635663161340a663336623630323233303537326632
35393763363035653532376261633538653635633838613135653932326531366631386238633465
3636343935663263630a336263343430653433333565653361323330633634613131303831636637
64343639663137366261326138366335333562656532663435373531353730323132376635663538
65346439656131646137313363373161336666336530393861386536316437653439646462653438
64393734343364343032663639303564393534313065373065623733633534643630623537373032
32356132396430343838623334656130346239613034303938633761346564363062396463363330
34666664613334356262663536616236323439623964393936366263343939303231383735373435
39373135613030306632393335613735663064626463353264386238386130313534333838663138
62326337373038316163396131336364333966323330616562383466326433313265653234346234
37326130313235363332
